31492 12
31450 10
30141 11
29238 9
27831 7
25802 9
25314 8
20963 A4
19504 A5
19505 A1
19506 A2
35230 A3
14706 10
35832 B3
35842 B1
29902 4
28247 11
27794 8
26340 A1
26444 3
20855 A2
20689 A3_StijnvdMinkelis
16091 5
16092 A4
16093 A5
13145 B1_DavidGeelhoed
13197 B2
35859 B3
32038 11
30186 7
30282 9
28439 11
26571 A1
25852 A2
24007 3
23149 A5
16407 4
16408 5
16409 A4
13335 12
14856 B1
13390 B5
13391 A3
35883 B6
30336 9
28521 7
27516 9
26709 10
26646 12
25368 5
21282 3
21178 A5
18766 4
18767 A2
18768 A1
16743 A3
16615 A4
35834 B1_DavidGeelhoed
35845 B2
13490 B4
30467 12
29944 11
29975 1/2
31366 1/2
28611 9
23771 10
24281 12
22650 3_DavidGeelhoed
21831 5
20745 4
18846 1/2
18847 7
18848 11
13587 1/2
14549 B2
14550 8
35866 B3
31637 8
30524 3
32126 5
31325 9
28636 7
26809 10
25470 12
21447 11
21395 4
16986 A1
16987 A2
16988 A3
34185 A5
13682 A4
13895 B1
35847 B3
14499 B5
35860 B6
32310 7
30864 4
32287 3
29779 5
27761 10
26121 11
22977 12
22756 A2
19336 A1
19337 A4
19338 A3
15100 B1
15587 A5
13994 B2
13995 B5
35880 B6
31735 3
31715 7
32197 5
31688 4
26846 8
27904 11
24428 9
25510 10
22097 A1
23199 8
23474 9
17073 A2
17074 12
19667 A3
15441 B4
15442 B6
30672 10
28726 1/2
26916 8
26887 11
22433 9
21617 10
21568 11
18495 1/2
18496 1/2
18497 A1
17236 A4
14597 1/2
14946 A5
14947 B4
35861 B5
30766 1/2
32271 1/2
31786 4
32242 3
28792 7
28792 12
27726 7
27726 12
26080 A1
24577 1/2
19253 1/2
19111 5
13292 B2
35849 B4
15000 B3
30821 11
29808 12
27281 10
26304 8
28147 7
25047 3
20629 4
23593 5
18155 A2
18156 A4
18157 9
15762 A3
17352 A5
35838 B2
35850 B4
13947 B5
31279 12
32434 9
29105 10
27079 7
27318 9
24766 8
33028 4
17653 5
17654 3
17655 A2
17570 A3
20254 A5
35840 A4
35852 B3
15687 B6
32148 7
32095 8
27115 11
24865 12
25939 A2
21940 10
23257 5
17826 A1
17827 A3
17828 A5
17738 A4
35853 B5
15394 B6
31189 10
29996 4
31101 3
28314 8
27248 12
27210 A1
23828 A4
17862 A5
14292 B1
35841 B2
14247 B4
